cam0:
  T_cam_imu:
  - - -0.2556352913379669
    - -0.9655335545539856
    - 0.04894454777240753
    - 2.1757166385650635
  - - 0.12618830800056458
    - -0.0835176631808281
    - -0.9884843826293945
    - 0.3374418020248413
  - - 0.9585025310516357
    - -0.24651525914669037
    - 0.14318910241127014
    - 0.19266952574253082
  - - 0.0
    - 0.0
    - 0.0
    - 1.0
  camera_model: pinhole
  distortion_coeffs:
  - -0.08919886499643326
  - -0.03661604970693588
  - -0.0029566017910838127
  - 0.0006247195415198803
  - -0.19476844370365143
  distortion_model: plumb_bob
  intrinsics:
  - 2173.553955078125
  - 2173.553955078125
  - 959.1967163085938
  - 613.0711669921875
  resolution:
  - 1920
  - 1200
  rostopic: cam0
cam1:
  T_cam_imu:
  - - 0.22298215329647064
    - -0.9744522571563721
    - 0.026862775906920433
    - 0.10515942424535751
  - - 0.1586441993713379
    - 0.009085480123758316
    - -0.9872938990592957
    - 0.16902750730514526
  - - 0.9618268609046936
    - 0.22441056370735168
    - 0.15661710500717163
    - -0.45347505807876587
  - - 0.0
    - 0.0
    - 0.0
    - 1.0
  camera_model: pinhole
  distortion_coeffs:
  - -0.2575950622558594
  - 0.01710638217628002
  - -0.0017810700228437781
  - 0.005188813898712397
  - -0.1744810938835144
  distortion_model: plumb_bob
  intrinsics:
  - 2174.0634765625
  - 2174.0634765625
  - 952.794677734375
  - 602.9476318359375
  resolution:
  - 1920
  - 1200
  rostopic: cam1
cam2:
  T_cam_imu:
  - - 0.15648908913135529
    - -0.9875926375389099
    - -0.0131138376891613
    - 0.1752227544784546
  - - -0.17754647135734558
    - -0.015067048370838165
    - -0.9839970469474792
    - 2.3154778480529785
  - - 0.9715906381607056
    - 0.15631310641765594
    - -0.1777014136314392
    - 0.037300340831279755
  - - 0.0
    - 0.0
    - 0.0
    - 1.0
  camera_model: pinhole
  distortion_coeffs:
  - -0.19092649221420288
  - 0.18639719486236572
  - -0.002843702444806695
  - 0.0010756009723991156
  - -0.17228417098522186
  distortion_model: plumb_bob
  intrinsics:
  - 2167.868896484375
  - 2167.868896484375
  - 990.6886596679688
  - 583.9140625
  resolution:
  - 1920
  - 1200
  rostopic: cam2
cam3:
  T_cam_imu:
  - - -0.2258935123682022
    - -0.9741382002830505
    - -0.005201661493629217
    - 2.209282159805298
  - - -0.1804899126291275
    - 0.04709995910525322
    - -0.9824485778808594
    - 2.2043697834014893
  - - 0.9572855234146118
    - -0.2209898978471756
    - -0.1864617019891739
    - 0.5475317239761353
  - - 0.0
    - 0.0
    - 0.0
    - 1.0
  camera_model: pinhole
  distortion_coeffs:
  - -0.18691383302211761
  - 0.14945466816425323
  - -0.004044549539685249
  - 1.1313270988466684e-05
  - -0.13415157794952393
  distortion_model: plumb_bob
  intrinsics:
  - 2172.87158203125
  - 2172.87158203125
  - 976.8809814453125
  - 604.27685546875
  resolution:
  - 1920
  - 1200
  rostopic: cam3
cam4:
  T_cam_imu:
  - - 0.22096779942512512
    - 0.9745795130729675
    - -0.03698646277189255
    - -1.3659839630126953
  - - -0.14160189032554626
    - -0.0054626245982944965
    - -0.9899086356163025
    - 1.0263887643814087
  - - -0.9649467468261719
    - 0.2239752560853958
    - 0.13679523766040802
    - 5.386990547180176
  - - 0.0
    - 0.0
    - 0.0
    - 1.0
  camera_model: pinhole
  distortion_coeffs:
  - -0.17182345688343048
  - 0.020740987733006477
  - -0.000448398117441684
  - 0.004195359069854021
  - -0.16463549435138702
  distortion_model: plumb_bob
  intrinsics:
  - 2166.532470703125
  - 2166.532470703125
  - 940.894775390625
  - 612.5764770507812
  resolution:
  - 1920
  - 1200
  rostopic: cam4
cam5:
  T_cam_imu:
  - - -0.2948490083217621
    - 0.9555416107177734
    - 0.0020659957081079483
    - -0.3572700321674347
  - - -0.16675695776939392
    - -0.0493265800178051
    - -0.9847633838653564
    - 1.275473713874817
  - - -0.940880537033081
    - -0.2907010018825531
    - 0.17388710379600525
    - 5.858551025390625
  - - 0.0
    - 0.0
    - 0.0
    - 1.0
  camera_model: pinhole
  distortion_coeffs:
  - -0.265248566865921
  - 0.31019800901412964
  - -0.0007623126148246229
  - 0.0026253846008330584
  - 0.15808188915252686
  distortion_model: plumb_bob
  intrinsics:
  - 2168.575927734375
  - 2168.575927734375
  - 958.7904663085938
  - 602.8994750976562
  resolution:
  - 1920
  - 1200
  rostopic: cam5
cam6:
  T_cam_imu:
  - - -0.16884145140647888
    - 0.9852962493896484
    - -0.02615044265985489
    - -1.002850890159607
  - - 0.18775896728038788
    - 0.006106419488787651
    - -0.9821960926055908
    - 1.1534380912780762
  - - -0.9675944447517395
    - -0.17074540257453918
    - -0.18602921068668365
    - 6.270906925201416
  - - 0.0
    - 0.0
    - 0.0
    - 1.0
  camera_model: pinhole
  distortion_coeffs:
  - -0.16150127351284027
  - 0.14614666998386383
  - -0.000718459312338382
  - 0.0002545587776694447
  - 0.1002015545964241
  distortion_model: plumb_bob
  intrinsics:
  - 2173.50341796875
  - 2173.50341796875
  - 956.8504638671875
  - 596.9486083984375
  resolution:
  - 1920
  - 1200
  rostopic: cam6
cam7:
  T_cam_imu:
  - - 0.303392618894577
    - 0.9527866244316101
    - -0.012268700636923313
    - -1.850326418876648
  - - 0.15426163375377655
    - -0.06181860715150833
    - -0.9860941767692566
    - 1.4227428436279297
  - - -0.9402958154678345
    - 0.2972811460494995
    - -0.1657337248325348
    - 5.6267218589782715
  - - 0.0
    - 0.0
    - 0.0
    - 1.0
  camera_model: pinhole
  distortion_coeffs:
  - -0.18397213518619537
  - 0.058029353618621826
  - 0.0006267181597650051
  - -0.001096963183954358
  - 0.05413701757788658
  distortion_model: plumb_bob
  intrinsics:
  - 2174.08837890625
  - 2174.08837890625
  - 960.9181518554688
  - 599.5118408203125
  resolution:
  - 1920
  - 1200
  rostopic: cam7
